result_fnr0.1_fpr0.06 

Global Step Count: [4, 9, 15, 19, 24, 28, 32, 38, 42, 49, 53, 64, 69, 74, 79, 83, 89, 94, 99, 104, 109, 114, 119, 125, 129, 133, 139, 147, 152, 156, 162, 168, 178, 185, 193, 201, 209, 216, 222, 229, 235, 241, 248, 256, 263, 272, 279, 285, 290, 296] 

Global DSP Count: [1.0, 1.0, 0.8, 0.8571428571428571, 0.8888888888888888, 0.9090909090909091, 0.9230769230769231, 0.9333333333333333, 0.9411764705882353, 0.8947368421052632, 0.9047619047619048, 0.9130434782608695, 0.92, 0.9259259259259259, 0.9310344827586207, 0.9354838709677419, 0.9393939393939394, 0.9428571428571428, 0.9459459459459459, 0.9487179487179487, 0.9512195121951219, 0.9534883720930233, 0.9555555555555556, 0.9574468085106383, 0.9591836734693877, 0.9607843137254902, 0.9622641509433962, 0.9636363636363636, 0.9649122807017544, 0.9661016949152542, 0.9672131147540983, 0.9682539682539683, 0.9538461538461539, 0.9552238805970149, 0.9565217391304348, 0.9577464788732394, 0.958904109589041, 0.96, 0.961038961038961, 0.9620253164556962, 0.9629629629629629, 0.963855421686747, 0.9647058823529412, 0.9655172413793104, 0.9662921348314607, 0.967032967032967, 0.967741935483871, 0.968421052631579, 0.9690721649484536, 0.9696969696969697] 

result_fnr0.2_fpr0.14 

Global Step Count: [2, 8, 13, 23, 35, 43, 47, 55, 59, 66, 75, 85, 100, 112, 122, 128, 138, 148, 157, 164, 173, 180, 190, 197, 203, 208, 215, 222, 230, 237, 244, 253, 260, 267, 279, 288, 298, 310, 317, 325, 334, 340, 348, 357, 363, 371, 379, 385, 392, 398] 

Global DSP Count: [1.0, 1.0, 1.0, 1.0, 1.0, 1.0, 1.0, 1.0, 1.0, 1.0, 1.0, 1.0, 1.0, 1.0, 1.0, 1.0, 1.0, 1.0, 0.9459459459459459, 0.9487179487179487, 0.9512195121951219, 0.9534883720930233, 0.9111111111111111, 0.9148936170212766, 0.9183673469387755, 0.9215686274509803, 0.9245283018867925, 0.9272727272727272, 0.9298245614035088, 0.9152542372881356, 0.9180327868852459, 0.9206349206349206, 0.9230769230769231, 0.9253731343283582, 0.927536231884058, 0.9295774647887324, 0.9315068493150684, 0.9333333333333333, 0.935064935064935, 0.9240506329113924, 0.9259259259259259, 0.927710843373494, 0.9294117647058824, 0.9310344827586207, 0.9325842696629213, 0.9340659340659341, 0.9354838709677419, 0.9368421052631579, 0.9381443298969072, 0.9393939393939394] 

result_fnr0.05_fpr0.02 

Global Step Count: [3, 12, 24, 28, 32, 36, 42, 48, 53, 59, 63, 68, 72, 76, 80, 85, 89, 93, 97, 101, 108, 112, 116, 120, 124, 130, 136, 140, 150, 154, 158, 162, 166, 175, 181, 192, 199, 212, 219, 226, 233, 241, 251, 259, 265, 283, 295, 302, 312, 317] 

Global DSP Count: [1.0, 1.0, 1.0, 1.0, 1.0, 1.0, 1.0, 0.9333333333333333, 0.9411764705882353, 0.9473684210526315, 0.9523809523809523, 0.9565217391304348, 0.96, 0.9629629629629629, 0.9655172413793104, 0.967741935483871, 0.9696969696969697, 0.9714285714285714, 0.972972972972973, 0.9743589743589743, 0.975609756097561, 0.9767441860465116, 0.9777777777777777, 0.9787234042553191, 0.9795918367346939, 0.9803921568627451, 0.9811320754716981, 0.9818181818181818, 0.9824561403508771, 0.9830508474576272, 0.9836065573770492, 0.9841269841269841, 0.9846153846153847, 0.9850746268656716, 0.9855072463768116, 0.9859154929577465, 0.9726027397260274, 0.9733333333333334, 0.974025974025974, 0.9746835443037974, 0.9753086419753086, 0.963855421686747, 0.9647058823529412, 0.9655172413793104, 0.9662921348314607, 0.9560439560439561, 0.946236559139785, 0.9473684210526315, 0.9381443298969072, 0.9393939393939394] 

result_fnr0.15_fpr0.1 

Global Step Count: [4, 14, 20, 25, 31, 36, 41, 46, 54, 62, 66, 71, 76, 81, 85, 90, 96, 100, 104, 109, 115, 120, 124, 128, 133, 137, 141, 146, 151, 155, 159, 170, 175, 182, 189, 196, 201, 207, 214, 221, 226, 232, 238, 244, 250, 255, 261, 267, 273, 281] 

Global DSP Count: [1.0, 1.0, 1.0, 1.0, 1.0, 1.0, 1.0, 1.0, 0.9411764705882353, 0.9473684210526315, 0.9523809523809523, 0.9565217391304348, 0.96, 0.9629629629629629, 0.9655172413793104, 0.967741935483871, 0.9696969696969697, 0.9714285714285714, 0.972972972972973, 0.9743589743589743, 0.975609756097561, 0.9767441860465116, 0.9777777777777777, 0.9787234042553191, 0.9795918367346939, 0.9803921568627451, 0.9811320754716981, 0.9818181818181818, 0.9824561403508771, 0.9830508474576272, 0.9836065573770492, 0.9841269841269841, 0.9846153846153847, 0.9850746268656716, 0.9855072463768116, 0.9859154929577465, 0.9863013698630136, 0.9866666666666667, 0.987012987012987, 0.9873417721518988, 0.9876543209876543, 0.9879518072289156, 0.9882352941176471, 0.9885057471264368, 0.9887640449438202, 0.989010989010989, 0.989247311827957, 0.9894736842105263, 0.9896907216494846, 0.98989898989899]


